1
32763
32748
32723
32688
32643
32588
32523
32449
32364
32270
32165
32051
31928
31794
31651
31498
31336
31164
30982
30791
30591
30381
30163
29935
29697
29451
29196
28932
28659
28377
28087
27788
27481
27165
26841
26509
26169
25821
25465
25101
24730
24351
23964
23571
23170
22762
22347
21926
21497
21062
20621
20173
19720
19260
18794
18323
17846
17364
16876
16384
15886
15383
14876
14364
13848
13327
12803
12275
11743
11207
10668
10125
9580
9032
8480
7927
7371
6812
6252
5690
5126
4560
3993
3425
2855
2285
1714
1143
571
